 Quantidade de Dados Válidos
          15
 ----------------------------------------
 Dados Lidos
           1
           3
          34
           7
           6
          28
           2
           5
          32
          10
          20
          26
          23
          12
          15
 ----------------------------------------
 Dados ordenados
           1
           2
           3
           5
           6
           7
          10
          12
          15
          20
          23
          26
          28
          32
          34
