 Matrizes            3 x           3  : 
 -----------------------------------------------------
 Matriz A
 |           3           1          -2 |
 |           2           0          -1 |
 |           1           3           2 |
 -----------------------------------------------------
 Matriz B
 |           1           2           3 |
 |           1          -2           5 |
 |           2           3           6 |
 -----------------------------------------------------
 Matriz C = A*B =
 |           0          -2           2 |
 |           0           1           0 |
 |           8           2          30 |
 -----------------------------------------------------
 ======================================================
 Matrizes            5 x           5  : 
 -----------------------------------------------------
 Matriz D
 |           2           6           3           0           1 |
 |           2           5           9           7           1 |
 |           0           5           8           4           3 |
 |           2           5          -4          -3           1 |
 |           0           6          -3           0           8 |
 -----------------------------------------------------
 Matriz E
 |           1           4           2          -9           0 |
 |           0           2          -4           3           1 |
 |           4          -2           3          -7           0 |
 |          -1           0          -2           3           5 |
 |           2           3          -4           5           9 |
 -----------------------------------------------------
 Matriz F = D*E =
 |          16          17         -15         -16          15 |
 |          33           3          -7         -40          49 |
 |          34           3         -16         -14          52 |
 |          -9          29         -26          21          -1 |
 |           4          42         -65          79          78 |
 -----------------------------------------------------
